 0.72899647E-01 
 0.72579615E-01 
 0.72941795E-01 
 0.73391266E-01 
 0.73813550E-01 
 0.74077323E-01 
 0.74128501E-01 
 0.74108332E-01 
 0.74223056E-01 
 0.74212208E-01 
 0.73884510E-01 
 0.73759124E-01 
 0.73719293E-01 
 0.73597975E-01 
 0.73179200E-01 
 0.72733887E-01 
 0.72525196E-01 
 0.72582066E-01 
 0.72769739E-01 
 0.73007211E-01 
 0.73139235E-01 
 0.73246323E-01 
 0.73588006E-01 
 0.73833853E-01 
 0.73751368E-01 
 0.73439375E-01 
 0.73250800E-01 
 0.73435754E-01 
 0.73667839E-01 
 0.73608026E-01 
 0.73416032E-01 
 0.73596425E-01 
 0.73733434E-01 
 0.73916435E-01 
 0.73925510E-01 
 0.73814824E-01 
 0.73902436E-01 
 0.74059635E-01 
 0.73922716E-01 
 0.73714994E-01 
 0.73499702E-01 
 0.73296890E-01 
 0.72994955E-01 
 0.72353169E-01 
 0.71607649E-01 
 0.71176186E-01 
 0.71262002E-01 
 0.71376279E-01 
 0.72053567E-01 
 0.72658747E-01 
 0.73255926E-01 
 0.73886484E-01 
 0.74704990E-01 
 0.75770430E-01 
 0.76647818E-01 
 0.76991811E-01 
 0.76958835E-01 
 0.76426163E-01 
 0.75074032E-01 
 0.73473245E-01 
 0.71953744E-01 
 0.70623837E-01 
 0.69628477E-01 
 0.68950534E-01 
 0.68502262E-01 
 0.68403900E-01 
 0.68493254E-01 
 0.69020554E-01 
 0.69976419E-01 
 0.71395770E-01 
 0.73713318E-01 
 0.76824799E-01 
 0.79997100E-01 
 0.82290970E-01 
 0.82945466E-01 
 0.81649348E-01 
 0.78849316E-01 
 0.75664267E-01 
 0.72772279E-01 
 0.70373714E-01 
 0.67874923E-01 
 0.65201357E-01 
 0.62913038E-01 
 0.61169147E-01 
 0.59986960E-01 
 0.59532955E-01 
 0.60991511E-01 
 0.65021232E-01 
 0.72121397E-01 
 0.82677200E-01 
 0.95071167E-01 
 0.65725885E-01 
 0.52858844E-01 
 0.44936772E-01 
 0.39430972E-01 
 0.34928285E-01 
 0.31030167E-01 
 0.28791063E-01 
 0.27297217E-01 
 0.25791939E-01 
 0.24503777E-01 
 0.23584463E-01 
 0.23088655E-01 
 0.23028784E-01 
 0.23342691E-01 
 0.23946520E-01 
 0.24791736E-01 
 0.25778256E-01 
 0.26764169E-01 
 0.27615134E-01 
 0.28214548E-01 
 0.28484955E-01 
 0.28399842E-01 
 0.28001461E-01 
 0.27370255E-01 
 0.26639063E-01 
 0.25926907E-01 
 0.25306080E-01 
 0.24840616E-01 
 0.24576019E-01 
 0.24531972E-01 
 0.24701007E-01 
 0.25041435E-01 
 0.25483672E-01 
 0.25945945E-01 
 0.26389070E-01 
 0.26768465E-01 
 0.27022451E-01 
 0.27100289E-01 
 0.26964141E-01 
 0.26653860E-01 
 0.26264053E-01 
 0.25869831E-01 
 0.25544617E-01 
 0.25343165E-01 
 0.25292570E-01 
 0.25404574E-01 
 0.25668859E-01 
 0.26047073E-01 
 0.26499884E-01 
 0.26976721E-01 
 0.27379598E-01 
 0.27611684E-01 
 0.27598199E-01 
 0.27332280E-01 
 0.26830871E-01 
 0.26100460E-01 
 0.25209505E-01 
 0.24335593E-01 
 0.23662629E-01 
 0.23294054E-01 
 0.23284327E-01 
 0.23625214E-01 
 0.24285194E-01 
 0.25189457E-01 
 0.26311826E-01 
 0.27577262E-01 
 0.28850639E-01 
 0.29953636E-01 
 0.30685049E-01 
 0.30840024E-01 
 0.30255264E-01 
 0.28767144E-01 
 0.26449740E-01 
 0.23711845E-01 
 0.21752853E-01 
 0.22979606E-01 
 0.29475071E-01 
 0.44860967E-01 
 0.48659850E-01 
-0.90000000E+01 
-0.90000000E+01 
-0.90000000E+01 
-0.90000000E+01 
-0.90000000E+01 
-0.90000000E+01 
-0.90000000E+01 
-0.90000000E+01 
-0.90000000E+01 
-0.90000000E+01 
-0.90000000E+01 
-0.90000000E+01 
-0.90000000E+01 
-0.90000000E+01 
-0.90000000E+01 
-0.90000000E+01 
-0.90000000E+01 
-0.90000000E+01 
-0.90000000E+01 
-0.90000000E+01 
-0.90000000E+01 
-0.90000000E+01 
-0.90000000E+01 
-0.90000000E+01 
-0.90000000E+01 
-0.90000000E+01 
-0.90000000E+01 
-0.90000000E+01 
-0.90000000E+01 
-0.90000000E+01 
-0.90000000E+01 
